===========每幅图像的标定误差===========
第1幅图像的平均误差：0.0731512pixel
第2幅图像的平均误差：0.149572pixel
第3幅图像的平均误差：0.061225pixel
总体平均误差：0.0946493pixel

================相机内参================
=============(非齐次坐标下)=============
[3598.090126323289, 0, 889.456092118749;
 0, 3613.471983655105, 586.0970820289087;
 0, 0, 1]

================相机外参================
=============(非齐次坐标下)=============
第1幅图像的旋转向量：
[-2.967723958677529;
 0.02850688543618101;
 0.02986806627795868]
第1幅图像的旋转矩阵：
[0.999615866144322, -0.02080128838375126, -0.01831465408117345;
 -0.01732519143025891, -0.9847894068082386, 0.1728862689174086;
 -0.02163233446583867, -0.1725025525604002, -0.9847715021596148]
第1幅图像的平移向量：
[-37.26535699147279;
 48.00544157712194;
 328.425463594752]

第2幅图像的旋转向量：
[-3.041229103095477;
 0.006183290254096064;
 0.04319255247640227]
第2幅图像的旋转矩阵：
[0.9995894338537447, -0.005473743855893274, -0.02812475521936818;
 -0.002636871637901642, -0.994990871032671, 0.09993104357311515;
 -0.02853087162907115, -0.09981585390030322, -0.9945967950251191]
第2幅图像的平移向量：
[-41.84920723216498;
 39.07020781911246;
 307.066052079953]

第3幅图像的旋转向量：
[-3.02379023598382;
 -0.1130485511977789;
 0.404240597543388]
第3幅图像的旋转矩阵：
[0.9622633591393999, 0.06147042359138671, -0.265086051464903;
 0.08495873479356814, -0.9933219865950399, 0.07806051709513337;
 -0.2585173902081518, -0.09763615094000247, -0.9610598009435143]
第3幅图像的平移向量：
[-44.56919874191097;
 44.54370988997883;
 327.6276829632292]


